time,x,y,z,phi,theta,psi,x_velocity,y_velocity,z_velocity,phi_velocity,theta_velocity,psi_velocity,rotor_speed1,rotor_speed2,rotor_speed3,rotor_speed4
0.06,-4.988059711485193e-07,-5.965474710999162e-08,10.005268197067096,6.282855656644905,0.00039169209249223513,0.0,-4.1568702301580815e-05,-1.6977268126677406e-05,0.17559511563652164,-0.019725442574088377,0.017137619606802997,0.0,459.41450161871336,460.7710066615662,461.20857514326735,459.64836302838717
0.12000000000000001,-1.678249603261631e-05,-1.3572908901010727e-05,10.021439272987443,6.281920872444481,0.001626429410518604,0.0,-0.0006322129893906598,-0.0005540250372903046,0.3633989693718769,-0.008364308257988574,0.026699211029339854,0.0,463.36473246077327,464.1156316436173,463.76459601731904,464.65604974219946
0.18,-0.0001017062257690226,-7.98260080837567e-05,10.05004568002534,6.281587198778013,0.003170241429740095,0.0,-0.0023884441959814424,-0.0017041156919526468,0.5900576018252156,-0.00047367561247634027,0.023718398583934368,0.0,474.9184283860506,474.68985717811086,476.0218965637301,476.62532956702137
0.23999999999999996,-0.00032969837397360795,-0.0002209718911831113,10.092479161992822,6.282033599515492,0.004293642371633766,0.0,-0.005369123296814564,-0.0029708728322922176,0.8242517233804069,0.019831955436453448,0.006166828209912805,0.0,478.655094843975,477.3176392896291,477.1979461360692,478.74515829597726
0.3,-0.0007570957028075691,-0.00042155027030450033,10.14842628188655,0.00019178832457811268,0.004389768256478632,0.0,-0.008906964167005501,-0.0035633949696468,1.0404804957343483,0.027073409361517184,-0.009599634365007992,0.0,473.2387408706295,472.023730572185,473.1988147372129,473.75585247441956
0.36000000000000004,-0.0013907875739302925,-0.0006240092369886675,10.216184702347862,0.0018438113103291798,0.004387726564088368,0.0,-0.012187974372597178,-0.002999423631850044,1.21796117458146,0.028438661119831024,0.014327293869173991,0.0,461.34552412113976,463.23068159245423,461.5040754891886,461.6119672855558
0.4200000000000001,-0.002229310181596741,-0.0007529470527150556,10.295066196602878,0.0038462127626885945,0.005671504446319808,0.0,-0.015889142905326184,-0.001082545263219751,1.4112023978589165,0.04176178566666889,0.03271551849542265,0.0,465.2410557857616,466.6784006125689,467.5483811003618,468.5854965968595
0.48000000000000015,-0.0033475756486768854,-0.000700109196247005,10.389426983238858,0.006274680841579006,0.007386110403157176,0.0,-0.021634083507111716,0.003174966298272778,1.7337226277423339,0.03776757466167668,0.01865260635084296,0.0,504.6941665349449,503.6783607302383,504.9089922114977,504.6214101700242
0.5400000000000001,-0.00481980321428679,-0.0003560313575772719,10.498743556389792,0.00846413218344022,0.0082875058275107,0.0,-0.027553883381980858,0.0085448872483322,1.9098829789398817,0.03380732779115531,0.006542774686383043,0.0,463.43933863878436,462.4864813337317,463.83099608649155,463.52044444711913
0.6000000000000002,-0.00669887815543357,0.0003957360756924225,10.62270162385532,0.010657035560252659,0.008381630488464076,0.0,-0.03511319621295816,0.016791121716736426,2.2214982773011696,0.04153209867196994,-0.010922013858583735,0.0,503.20278526331805,501.9369988371509,502.97434686036286,503.53388040357305
0.6600000000000003,-0.009002487848403535,0.0016684314599529695,10.762168943434279,0.012671331131015151,0.007549417174117501,0.0,-0.041583882633432365,0.025903016700098803,2.426996839518945,0.00863706937946857,-0.020536824127565398,0.0,473.8423576109496,473.10279155634066,475.3657962650917,472.8388152995346
0.7200000000000003,-0.011648407104822607,0.0034861754952521407,10.910729913800854,0.013653451782202453,0.006357383540196437,0.0,-0.046488751088109216,0.03476538034697692,2.5248241985209683,0.028532684387563623,-0.01856068798372929,0.0,441.7140351309067,441.87699523130135,441.196412375448,442.8359098375648
0.7800000000000004,-0.014562301661707857,0.005855144650615913,11.06481717906561,0.015423987990184074,0.005079227151449928,0.0,-0.050521056426888124,0.044371702291061986,2.611222573875041,0.031392940112155536,-0.027443368564916765,0.0,439.2496873444783,438.51242814463757,438.4963432513862,438.7341587252178
0.8400000000000004,-0.017705625304212286,0.00889013083338865,11.227302618326886,0.01864035349086013,0.003321974707626296,0.0,-0.054057628530698294,0.05710443912313063,2.804500689063785,0.07907532329079417,-0.03325688733143729,0.0,472.09930492078206,471.6503286710901,470.02979495907107,473.71200055408684
0.9000000000000005,-0.021015366623956432,0.012752368840796648,11.400247074489721,0.022980606251778113,0.0008373660966789487,0.0,-0.05603001262183717,0.07213573960512967,2.9599153643298175,0.053360851987931245,-0.06745658485781372,0.0,463.6082373334014,460.9121238549276,461.783433433047,459.7542108830641
0.9600000000000005,-0.0243802673899912,0.017657875761816443,11.584633783948075,0.025603289349667158,6.280515444085161,0.0,-0.05568319099901203,0.09174192573379172,3.1856978770930025,0.0046345676168795535,-0.0447510553162096,0.0,482.0739544357707,483.78434105600275,485.1213084997954,481.4493680482203
1.0200000000000005,-0.027669235578751245,0.02358558012830275,11.774610904810025,0.02583118592361444,6.27791573127142,0.0,-0.053733661853425894,0.10587151707741438,3.1469784969451515,0.002070829665738254,-0.04062614601548019,0.0,400.2128545245971,400.5868621600205,401.56453051593405,401.3318206418196
1.0800000000000005,-0.030770471648839372,0.030495652559841397,11.96733184995587,0.026203071356800223,6.275816535780013,0.0,-0.049403707635701566,0.12448213703137963,3.2766874478169963,0.013385993183713158,-0.02559301001370837,0.0,454.71485836019235,455.9170359639549,455.38843541711435,456.2925684431819
1.1400000000000006,-0.033570469374095815,0.03853144710375523,12.167784228292144,0.026620787572862348,6.2744948303149215,0.0,-0.043781631360609044,0.14343750310106151,3.404682014390139,-0.010735649389825304,-0.015713337976501977,0.0,455.3466626502647,456.13633227320327,456.8588230197073,454.9313634939828
1.2000000000000006,-0.03600384143581393,0.047716593530841275,12.376253956285185,0.025823926965707678,6.273168073768694,0.0,-0.037217329794175476,0.16264536880207714,3.5438877807245928,-0.018931342355215035,-0.03970660309497406,0.0,460.817894497667,458.9172085369434,460.4856722042586,459.83699179173817
1.2600000000000007,-0.038028010016044854,0.057988189084624595,12.591222815010527,0.02536585301850902,6.270883370794039,0.0,-0.030027442840498943,0.1796618979700451,3.621496723220456,0.008629223015355993,-0.035006786114213234,0.0,441.87673284434817,442.2633055797115,440.4416184813563,442.71531937488805
1.3200000000000007,-0.03958252964621945,0.06926402250087828,12.810343648807354,0.026020140974156725,6.268867980597056,0.0,-0.021594494551071642,0.196250401568558,3.6823316754422857,0.015106326360844996,-0.030897242519929702,0.0,437.8104341124903,438.15176934949574,435.7886004093322,436.3295849811518
1.3800000000000008,-0.04056708799511255,0.08159441201558214,13.034846921263258,0.02680010450335324,6.2668063186054574,0.0,-0.011025915246026051,0.21484049148500997,3.800717533076082,0.00841218245541778,-0.04238711226176326,0.0,455.69001400756923,454.7700780438949,455.96146758919554,455.42621089847233
1.4400000000000008,-0.040895945277755204,0.09501568341038444,13.26497582440427,0.02757688853356033,6.2640358778779,0.0,0.0003176907423771921,0.23259184372631989,3.8700058746352473,0.020746821671340628,-0.05508971058456742,0.0,441.1477919204012,440.09625803571436,440.8382351846832,441.8562380930342
1.5000000000000009,-0.040416119725274535,0.10961918149102909,13.50283842455465,0.028426919904879,6.2608051934633835,0.0,0.016039326561349647,0.2542988696746919,4.058085562041526,-0.0041624703839842365,-0.05146519854005212,0.0,478.20319541599804,478.4775276371618,477.8825928594322,475.9798996843098
1.560000000000001,-0.038884682508811684,0.12558178615286447,13.753515483475665,0.028220958210074087,6.258518740854903,0.0,0.03530770694767411,0.2777341909283596,4.296940737480443,-0.00201159555255181,-0.019769577459025987,0.0,492.41206844645137,494.7506002169165,493.455805306544,493.61463429169567
1.620000000000001,-0.036315555046605066,0.1427554054144956,14.011777501788755,0.028050749360565952,6.257022521525949,0.0,0.05044609460090485,0.2947039826566923,4.311732127073124,-0.004540663565904912,-0.038057039283681766,0.0,428.41431540302545,426.85620558329896,427.03476171859234,426.8190075988738
1.680000000000001,-0.03283230193646369,0.16091786799476868,14.270014549871679,0.02779557360976881,6.25536718570226,0.0,0.06582655840401466,0.31068922174037134,4.296221633138066,-0.003683552828563107,-0.012219039798836767,0.0,416.54197228400767,418.7952961052624,417.05013424976005,417.125077775826
1.740000000000001,-0.02829502234044937,0.18014140725171796,14.531148802943743,0.027768763965978494,6.254784336552385,0.0,0.08547221478045232,0.330070024196946,4.407824349667703,0.0053474548897155475,-0.00512385449883267,0.0,457.967281700054,458.5314592809444,457.20856929421944,457.9275997746728
1.8000000000000012,-0.02263722605870333,0.20046200808673437,14.79655283754366,0.028664788871658686,6.254347468635803,0.0,0.10315146982456999,0.34733893723396014,4.43884979889046,0.029317772343506004,-0.011988500984957611,0.0,434.0108392753825,433.4343474982109,432.29995272639326,434.3152169513107
1.8600000000000012,-0.01582054484231264,0.22192908071752426,15.066881330357267,0.030991361161619935,6.253825436103476,0.0,0.12412161371912113,0.3684372161763097,4.571563520268341,0.053011204510227686,-0.002824365430357564,0.0,464.34900431396636,465.06753347270103,465.27682294752134,467.1289018015287
1.9200000000000013,-0.007734673059284649,0.2447198613566146,15.345228543550288,0.03475042380472804,6.25371069065346,0.0,0.14540636450850297,0.3916143860641183,4.706111174919799,0.07709140818543306,-0.00014808613760574642,0.0,467.33078666948734,467.5394083304608,465.82637314656046,467.7083002230962
1.9800000000000013,0.0015662080960220526,0.26891097783559464,15.629483523409135,0.03948045614205853,6.253895202334611,0.0,0.16460583725877978,0.41519802160522756,4.768768833181961,0.0821071218262153,0.008847787158329254,0.0,445.76803348075475,446.5025810981171,446.1098360190585,446.5241806272789
2.0400000000000014,0.01205956131330136,0.2946740804513956,15.91906620408327,0.04439445998015046,6.254444470419418,0.0,0.18510158914012453,0.44406441504143856,4.883472221486437,0.08148296580831166,0.009760891136471763,0.0,462.7324191678274,462.8041764070943,462.98616208191737,462.9421885239176
2.1000000000000014,0.023920404184898016,0.3225104623166402,16.22074118733807,0.050050728858751725,6.254807494071251,0.0,0.21015972436292762,0.48445083438098613,5.171057687815679,0.1120478664009757,-0.002655844301213171,0.0,514.4045175812937,513.5243176318282,511.9893278013759,514.1654424313444
2.1600000000000015,0.03709748361541715,0.3526003479666483,16.533298378824103,0.05725259408857397,6.2546486931826895,0.0,0.2290811322569644,0.5192158192441041,5.247114392322368,0.13249897597191237,-0.0026283608070080153,0.0,455.08403755058583,455.08629223652747,453.70671956766864,455.35833240999284
2.2200000000000015,0.05136901896327435,0.3848362796995462,16.84892009202871,0.06480798854767844,6.2554263702967425,0.0,0.24659391367605016,0.5560183760296273,5.273426619062868,0.10763801604527007,0.03335233520234712,0.0,438.06838493358924,441.0506074755353,441.566576027169,439.52480544454505
2.2800000000000016,0.06668689956805124,0.4194538529740169,17.1667059354698,0.07109996392517015,6.257037447593365,0.0,0.263819824432168,0.5984847793904613,5.319166610082602,0.09865535886840361,0.008847090352044935,0.0,448.065988381161,446.0691496902002,446.4676218496145,445.74354099191936
2.3400000000000016,0.08288673793410385,0.4563887858656904,17.48240927949176,0.07662464284641679,6.257320614952125,0.0,0.27615737296649656,0.6331216022143074,5.204759941546209,0.07377764331457153,-0.005174699871159536,0.0,394.8471630307733,393.5511266705529,394.1877949431759,391.88971793791956
2.4000000000000017,0.09993875862776998,0.49581628899955515,17.795623770300235,0.08123502580198316,6.25693742696051,0.0,0.29227005269805045,0.6815286115223621,5.235524864684139,0.0823483509786889,-0.00892745018710335,0.0,440.7586702413297,440.44846682274624,441.88476911951966,442.5955213895621
2.4600000000000017,0.11802153188489622,0.5384114527071615,18.112817735569987,0.08634555922268916,6.256706745527813,0.0,0.3105126844795745,0.7387807133427252,5.337063965083855,0.0902996108139349,0.00476011456112887,0.0,463.52943472429246,464.60406021603524,463.28319180587175,463.9136531670543
2.520000000000002,0.13716289169814325,0.5844241491552967,18.43467072422758,0.09182267932461574,6.2569175874528575,0.0,0.3275000506651198,0.7954667943783486,5.3910378552810645,0.09318597511097204,0.0008973618396886382,0.0,449.46758607128527,449.1543048991403,451.20131582173804,451.4411708899424
2.580000000000002,0.15736545062346066,0.6341041027961033,18.76147484357046,0.0974899233630131,6.256658363737856,0.0,0.3459101757391994,0.8610588176435234,5.5018105932463905,0.09687501299877452,-0.017611280920488057,0.0,469.8518680420496,468.4145769581759,467.5486174894427,467.8430615925477
2.640000000000002,0.17856562828646372,0.6874098817313107,19.090576218670687,0.10288714573404079,6.255643173881886,0.0,0.36085052608818874,0.9162748525334422,5.468309862713559,0.0701888135580368,-0.015571678105399814,0.0,424.6746281422783,424.84964183511596,424.75819828699565,422.4698950363975
2.700000000000002,0.2007585317219463,0.744410457359087,19.42052233937555,0.10697932060584492,6.254666658952409,0.0,0.37899492094834447,0.9841030781177348,5.529510590067355,0.06390411374203267,-0.017720809330624115,0.0,454.5584054027936,454.38621628463545,454.6053591771234,454.10479460067575
2.760000000000002,0.2239788553704878,0.8052559594662299,19.751338164246917,0.11073939239882602,6.25330536599912,0.0,0.3951166985967311,1.0443987674510127,5.497758725137906,0.060074326282501506,-0.03515440798797244,0.0,425.60494082046165,424.1098011604566,426.15852152079543,425.8339940165821
2.820000000000002,0.24826280596537814,0.8700380207938199,20.082550416164345,0.1142401850927941,6.250890553899232,0.0,0.41455058195982764,1.1152979260587894,5.542339017169079,0.05464705635398289,-0.05311746108211844,0.0,449.66649275490414,448.207814037802,451.0548332785996,450.6185498529478
2.880000000000002,0.2736885546947559,0.9388803941155289,20.414198844075194,0.11759527934255143,6.248005373272118,0.0,0.43322911132397923,1.1797230012453284,5.512663323323394,0.05834560408518094,-0.03955910505054894,0.0,425.58554614481557,426.7431104932816,426.9447155754769,427.262473376763
2.940000000000002,0.3003938806932888,1.0120161489213713,20.747192478955643,0.12179204299392232,6.24542290099874,0.0,0.4571762536725749,1.2584579988525528,5.5866470887554485,0.0865216802181906,-0.051116224733050254,0.0,460.23378608745924,459.316999495911,458.261119918398,460.4990803172765
3.000000000000002,0.328547175651565,1.0898278147402258,21.083506277374173,0.12817465527867444,6.242587354483721,0.0,0.481531103831445,1.3357734433204338,5.623480540285987,0.13018001811569654,-0.04048845326570584,0.0,449.1532020888063,450.0131112302237,446.7292603833724,450.28463659018263
3.0600000000000023,0.35819915947216313,1.172360696288727,21.421682016220117,0.1360623433266932,6.240543581176684,0.0,0.5070614399570651,1.416000416975316,5.648733340808416,0.13390599818769552,-0.023592996289915076,0.0,445.6457810596905,447.0243992910849,445.75905428334187,446.07927969713427
3.1200000000000023,0.3892119158297013,1.2591952865133662,21.756609742067177,0.14449397261997277,6.239325276086364,0.0,0.5268098400988517,1.4791157567181017,5.516024309640142,0.15124944291024198,-0.014429582983731258,0.0,392.23773749585047,393.087968679238,393.5469821126705,395.1702371419184
3.1800000000000024,0.4216603297477919,1.3507142431008303,22.088869233370524,0.15324348582253222,6.239128924681285,0.0,0.5548317725791458,1.5722967147154838,5.5588544472098365,0.13185898409383212,0.012843725266994378,0.0,449.7081165160065,451.9123232606222,452.7427281564927,451.1989007655464
3.2400000000000024,0.45586211042403124,1.4482449269505144,22.425346770844335,0.1615573048223009,6.240318202213626,0.0,0.585093510288126,1.679447552959138,5.656341132209126,0.1493966776855068,0.031021862816849797,0.0,467.1883535521355,468.6037624539302,469.7203708629288,471.0951032109737
3.3000000000000025,0.4918112511874978,1.5522288999215694,22.76674257329642,0.17111531054387097,6.242119909128821,0.0,0.6130062115304418,1.7875009486074003,5.72291588984679,0.17402911686134723,0.027964049447391084,0.0,461.36590249950007,461.1246162314053,460.1855476613658,462.15417189421197
3.3600000000000025,0.5293873096022637,1.662837720122058,23.11182146332205,0.1818669033077489,6.243710132330065,0.0,0.6393476092431597,1.9003866259959674,5.779111736730203,0.1879034165370849,0.023410709085330137,0.0,459.9099359192221,459.54920504125613,458.2836186013559,459.41499774732006
3.4200000000000026,0.5685731823320833,1.780711693225038,23.461758792293526,0.1933826206800191,6.245243087304694,0.0,0.6666604820162689,2.029772038002872,5.884534915657164,0.1989502398347613,0.029515263434608682,0.0,474.51762682020814,474.9861756522472,476.0212499858991,476.89902753396234
3.4800000000000026,0.6091813059473553,1.9056519157912954,23.813248895284048,0.20525529585940383,6.246511815273198,0.0,0.6868106767680933,2.135856125376416,5.831731332991534,0.1956459803716737,-0.006255445940753406,0.0,428.3719091680216,425.3185882730225,428.1283192718089,427.88696386089373
3.5400000000000027,0.6511051542003076,2.03783054310297,24.164785917811397,0.2181313618771359,6.2465503048355515,0.0,0.710642494689323,2.2711629744964523,5.88542911849361,0.23771394337182727,0.011738137787111818,0.0,461.34886258634447,462.7676944796281,460.2786812971542,463.63813902663776
3.6000000000000028,0.6944424029947652,2.178311996537601,24.519187677923693,0.2321353961103707,6.247371953596135,0.0,0.7338370519296117,2.4127552544147504,5.927210159035397,0.22298555884948035,0.01734417381806053,0.0,459.75402118760707,460.197951936976,460.40742774786617,459.2924691095067
3.660000000000003,0.7390284191661205,2.3267339552320934,24.872633541858992,0.24528025201680848,6.248549306060674,0.0,0.752276285050338,2.53567554688045,5.854239895622447,0.20985012355161098,0.023828528806203914,0.0,423.2689894061687,423.8267917000263,425.07539730972144,423.9977913112034
3.720000000000003,0.7847973746455934,2.4834219331338967,25.22440103114985,0.2575736937367523,6.249809211145102,0.0,0.7732119655232957,2.6882579662114208,5.870712857247027,0.19247643625122637,0.014634295544535884,0.0,453.3672732117331,452.62776089722644,455.21914825088044,453.8664050990882
3.780000000000003,0.8317654654414144,2.6492158325594275,25.576109651242437,0.26980782719771845,6.25037526145365,0.0,0.792313783444061,2.8391334742336043,5.852461535270144,0.22028012641434153,-0.003797351639030798,0.0,444.359870871506,442.84589889536574,443.01605482811266,445.33674501159334
3.840000000000003,0.8799717807570178,2.825087630977458,25.92959657685756,0.2834120396601598,6.249611281323254,0.0,0.8145702814934891,3.0243352856798245,5.929305564440071,0.2372335412147013,-0.044218191268027805,0.0,477.0248069672279,473.9274491056243,474.1081285725031,475.45623798543227
3.900000000000003,0.9294820600392827,3.011873965857599,26.286032931879166,0.29797058187487035,6.247232384388941,0.0,0.8359895091007332,3.202992156573527,5.951017284654129,0.25169688887920794,-0.03179645243335405,0.0,459.85702269972546,460.8393919898755,459.6733598676032,460.8746483043858
3.960000000000003,0.9802658479789499,3.2091965305752925,26.642257382228998,0.3133744441369295,6.244979372995816,0.0,0.8569695779405568,3.3755742856246465,5.922485616318621,0.2652490221160076,-0.05269307377446624,0.0,446.5544595977115,444.84539833486645,445.67292400426174,446.8451112790617
4.020000000000002,1.0322477381832296,3.416294592082404,26.99414622556502,0.329256466566207,6.242285886067684,0.0,0.8759815178048717,3.528833673798324,5.8069913583203006,0.2635824564144305,-0.03264263846987931,0.0,417.338374778747,419.08385979461633,417.27819270906366,417.2082748776984
4.080000000000001,1.0856020741661898,3.634341010469722,27.34348948213524,0.3449921627600352,6.240017616278008,0.0,0.9026663187120615,3.7405379072758733,5.836613575867696,0.25948619260736205,-0.050904246917832095,0.0,466.9561178881222,465.52835109998017,467.79019021515495,467.53655097407545
4.14,1.1405828357555243,3.8651923000201536,27.694019844417134,0.36087184496347824,6.236571549658731,0.0,0.9302976724661949,3.955615191991003,5.846613529780891,0.2733817285866063,-0.07554923189403931,0.0,464.68038943307454,462.741603363636,462.11467254661727,463.27618931034675
4.199999999999998,1.1971978855618635,4.10851281354186,28.04318066807552,0.37709840765373404,6.231674208566677,0.0,0.9572520592821785,4.156181559507368,5.7913090530375095,0.2638171006218304,-0.09793494909512687,0.0,444.5321869028274,442.68784214000755,444.91775279361394,444.2075254399514
4.259999999999997,1.2554698600548595,4.363770321379092,28.388073365484985,0.3928291482989188,6.2263283782457925,0.0,0.985586444625926,4.353439183077266,5.704513227586122,0.25869158282118704,-0.07559223290176702,0.0,434.1473235911726,436.0113865951914,435.16713990560163,434.8086167652011
4.319999999999996,1.3156890144119116,4.632175836078024,28.73028224389979,0.40779126124179754,6.221814582199659,0.0,1.022099131499547,4.594363394439367,5.70120865308482,0.2145361397878339,-0.0745154116908612,0.0,464.32184403276585,464.4021605861165,466.8948599599033,463.49319159935646
4.379999999999995,1.3781113731260748,4.914801320842702,29.071110371155378,0.4208414848040247,6.2172131975510965,0.0,1.0590115573775514,4.827211501149219,5.658815564239288,0.22285234925313274,-0.08143465545245104,0.0,453.85573920307684,453.2953595663978,454.8189967106754,455.5301737337676
4.439999999999993,1.4428473847348664,5.211684662935845,29.409517598015206,0.43427382601700604,6.2123092426064055,0.0,1.099249534875226,5.06961305948364,5.62039622504183,0.22583447307887483,-0.08233480901787367,0.0,457.2429905556682,457.1660494288286,458.3806193849966,458.66559904305507
4.499999999999992,1.5099296531309832,5.522389481484704,29.74355639933564,0.44753990209056926,6.207903701926259,0.0,1.1371736698829624,5.287955021626303,5.513642933132936,0.20940634054171134,-0.059834790926288794,0.0,435.3163105307803,437.19106283407496,437.40479263828047,436.0832193778296
4.559999999999991,1.5794921561950526,5.847147955412017,30.072750272389072,0.46047497749576927,6.204123703416345,0.0,1.181847531207085,5.537921314556829,5.458502213068275,0.22570702282039448,-0.07022709604646907,0.0,456.01557995252426,455.18163239651597,455.7308472040498,457.0764812296352
4.6199999999999894,1.6517762922475554,6.1869316207935325,30.398240410883655,0.4743171701284341,6.19966027959946,0.0,1.227943102716373,5.788831521552222,5.390163127600845,0.23916801645336472,-0.08438104363059207,0.0,454.07647218730716,452.93496493474606,453.54362616277643,454.6752067086844
4.679999999999988,1.727013192170712,6.542537428800233,30.72065852508684,0.48825578676014825,6.194669751258903,0.0,1.2803334833502735,6.065258998206584,5.35573142441264,0.21286273163943495,-0.08086864760951015,0.0,467.56266584945195,467.8310442315432,469.172658949366,467.1752672053739
4.739999999999987,1.80553318326226,6.915173393056123,31.041380779152814,0.5010454178730139,6.189256558416046,0.0,1.337367957194998,6.356301936822869,5.333548915486347,0.21374848947609754,-0.125498148703184,0.0,477.0436411606504,473.61518770759216,474.9328799430087,475.04244405590265
4.799999999999986,1.8876565740619407,7.305793699687636,31.361296353416314,0.5136714851868067,6.182336263985665,0.0,1.400653696902607,6.664613290657013,5.328598273564397,0.20282494503280965,-0.10031796363299347,0.0,483.5027273411997,485.3855478115242,484.6020470492425,483.81954920108814
4.859999999999984,1.973165801611973,7.712463504449276,31.676183313516887,0.5256290121965712,6.176562037739146,0.0,1.4500611901240288,6.891517297651106,5.167186617644771,0.19109253996993658,-0.08912512125544472,0.0,432.30394504597507,433.2381414456666,433.1475188011163,432.1993264979769
4.919999999999983,2.0619169510323427,8.1337627243451,31.982884739524966,0.5369356349113117,6.171002289892414,0.0,1.5086831047502087,7.152049609830035,5.055340011378779,0.18254645035130293,-0.10088356596584769,0.0,452.0356232998183,451.07959241603197,453.1824694754614,452.5285327974421
4.979999999999982,2.154435967165135,8.571516547138495,32.283999052069866,0.5486792822408946,6.165118590963056,0.0,1.575692485237341,7.4398467604292335,4.980579971803449,0.21387600886265376,-0.09294686214069675,0.0,467.4989551377782,468.1094121479342,466.1918750455271,468.6685508447857
5.0399999999999805,2.2504302688399602,9.023836689442382,32.575932347861524,0.5617484406068796,6.159959728447152,0.0,1.6244675902121783,7.6380452958779514,4.750465534108556,0.22471372047535468,-0.07480148659578031,0.0,411.0508488222966,412.6494586257958,411.5603830680081,412.5696723391295
